# oST version 5.0 parameters


[image]

width
410

height
308

[narrow_stereo]

camera matrix
393.270578 0.000000 220.124166
0.000000 393.819995 137.942180
0.000000 0.000000 1.000000

distortion
0.049487 -0.179004 -0.013940 0.006713 0.000000

rectification
1.000000 0.000000 0.000000
0.000000 1.000000 0.000000
0.000000 0.000000 1.000000

projection
393.802734 0.000000 223.005573 0.000000
0.000000 395.036865 134.882785 0.000000
0.000000 0.000000 1.000000 0.000000

